              precision    recall  f1-score   support

        NONE     0.9985    0.7260    0.8407      8510
           A     0.9924    1.0000    0.9962     24953
           B     0.9809    1.0000    0.9904     19921
           C     0.9993    1.0000    0.9996     25323
           D     0.9978    0.9971    0.9975     20890
           E     0.9985    1.0000    0.9993     19462
           F     0.9929    1.0000    0.9964     15245
           G     0.9812    1.0000    0.9905     14926
           H     0.9946    1.0000    0.9973     14992
           I     0.9990    1.0000    0.9995     12669
           K     0.9972    1.0000    0.9986     10819
           L     0.9998    0.9987    0.9992     12772
           M     0.9617    1.0000    0.9805     11892
           N     0.9964    0.9841    0.9903     12491
           O     0.9975    0.9996    0.9986     12624
           P     0.9967    1.0000    0.9983      9590
           Q     0.9854    0.9996    0.9924     10175
           R     0.9814    0.9979    0.9896     13194
           S     0.9919    1.0000    0.9960     11699
           T     0.9911    1.0000    0.9955     11048
           U     1.0000    0.9991    0.9995     14386
           V     0.9990    1.0000    0.9995     12321
           W     0.9968    1.0000    0.9984     13394
           X     0.9924    1.0000    0.9962     16236
           Y     0.9999    1.0000    1.0000     10745
         SCH     0.9914    1.0000    0.9957     11270

    accuracy                         0.9928    371547
   macro avg     0.9928    0.9885    0.9898    371547
weighted avg     0.9930    0.9928    0.9924    371547
